[gd_scene load_steps=8 format=3 uid="uid://me2krwhpqgrn"]

[ext_resource type="PackedScene" uid="uid://dw5tfojduc0p8" path="res://rouge/Rogue.glb" id="1_qgo38"]
[ext_resource type="Script" path="res://rouge/rogue.gd" id="2_hs352"]

[sub_resource type="StandardMaterial3D" id="StandardMaterial3D_01fpx"]
albedo_color = Color(1, 1, 0, 1)

[sub_resource type="BoxMesh" id="BoxMesh_o33lh"]
material = SubResource("StandardMaterial3D_01fpx")
size = Vector3(0.2, 0.2, 1)

[sub_resource type="CapsuleShape3D" id="CapsuleShape3D_lmthd"]

[sub_resource type="StandardMaterial3D" id="StandardMaterial3D_fs8y0"]
albedo_color = Color(0, 1, 1, 1)

[sub_resource type="BoxMesh" id="BoxMesh_2fqkh"]
material = SubResource("StandardMaterial3D_fs8y0")
size = Vector3(0.2, 0.2, 1)

[node name="Rogue" instance=ExtResource("1_qgo38")]
script = ExtResource("2_hs352")

[node name="Rig" parent="." index="0"]
unique_name_in_owner = true

[node name="Skeleton3D" parent="Rig" index="0"]
bones/1/position = Vector3(0, 0.392064, 0)
bones/1/rotation = Quaternion(-1.11123e-10, 0.0431578, 2.57241e-09, 0.999068)
bones/2/rotation = Quaternion(-6.93889e-18, 7.10543e-15, 4.93038e-32, 1)
bones/3/rotation = Quaternion(8.27181e-25, 3.72529e-09, 0, 1)
bones/4/position = Vector3(0.212007, 0.134132, 7.92996e-08)
bones/4/rotation = Quaternion(-0.559906, -0.0608803, -0.643974, 0.517779)
bones/4/scale = Vector3(0.999999, 0.999999, 1)
bones/5/rotation = Quaternion(3.65498e-08, -4.88301e-08, -0.494719, 0.869053)
bones/6/rotation = Quaternion(-9.73784e-11, -2.98437e-10, 0.0266581, 0.999645)
bones/6/scale = Vector3(1, 1, 1)
bones/7/rotation = Quaternion(-0.321065, -0.325319, 0.145726, 0.87741)
bones/8/position = Vector3(8.34843e-10, 0.0961252, -0.0575)
bones/8/rotation = Quaternion(-3.6586e-09, 6.87811e-09, -0.707107, 0.707107)
bones/8/scale = Vector3(1, 1, 1)
bones/10/position = Vector3(-0.212007, 0.134132, 8.6814e-08)
bones/10/rotation = Quaternion(-0.618244, 0.0807286, 0.618012, 0.478873)
bones/10/scale = Vector3(0.999999, 0.999999, 1)
bones/11/rotation = Quaternion(2.09853e-08, 5.12855e-08, 0.517939, 0.855417)
bones/12/rotation = Quaternion(-9.73784e-11, 2.98437e-10, -0.0266581, 0.999645)
bones/12/scale = Vector3(1, 1, 1)
bones/13/rotation = Quaternion(-0.319291, 0.300524, -0.22735, 0.869512)
bones/14/position = Vector3(-1.5736e-08, 0.0961251, -0.0575)
bones/14/rotation = Quaternion(-1.02444e-09, -4.24391e-09, 0.707107, 0.707107)
bones/14/scale = Vector3(1, 1, 1)
bones/15/rotation = Quaternion(1.84042e-07, 0.707107, -1.18836e-07, 0.707107)
bones/16/rotation = Quaternion(1.84042e-07, 0.707107, -1.18836e-07, 0.707107)
bones/19/rotation = Quaternion(-5.8061e-11, -0.0313416, -1.88013e-09, 0.999509)
bones/21/position = Vector3(0.170945, 0.113587, 1.59941e-08)
bones/21/rotation = Quaternion(0.996185, 0.0479136, 0.0566427, -0.045939)
bones/21/scale = Vector3(1, 1, 1)
bones/22/rotation = Quaternion(0.165014, 6.49414e-08, -1.11408e-07, 0.986291)
bones/23/rotation = Quaternion(-0.533729, -0.260895, -1.72985e-05, 0.804405)
bones/24/rotation = Quaternion(-2.32092e-08, 0.920355, -0.391084, 7.25743e-08)
bones/24/scale = Vector3(1, 1, 1)
bones/25/position = Vector3(-0.170945, 0.113587, 1.55755e-08)
bones/25/rotation = Quaternion(0.997322, -0.0294574, 0.0315293, 0.0590483)
bones/25/scale = Vector3(1, 1, 1)
bones/26/rotation = Quaternion(0.274008, -6.38135e-08, 1.92761e-07, 0.961727)
bones/27/rotation = Quaternion(-0.559039, 0.114513, -0.00862763, 0.82115)
bones/28/rotation = Quaternion(3.03597e-08, 0.920355, -0.391084, -6.95338e-08)
bones/28/scale = Vector3(1, 1, 1)
bones/29/rotation = Quaternion(0.707107, -2.29302e-07, -4.60551e-08, 0.707107)
bones/30/position = Vector3(0.213918, 0.0259903, 0.173866)
bones/30/rotation = Quaternion(-0.705092, 0.0533355, 0.0533355, 0.705092)
bones/31/rotation = Quaternion(9.65792e-09, 1.77955e-09, 0.985719, -0.168398)
bones/32/position = Vector3(-1.11482e-08, 0.213436, -5.36347e-09)
bones/32/rotation = Quaternion(-1.10961e-07, 0.391084, 0.920355, -2.67919e-08)
bones/33/position = Vector3(-6.31128e-09, 0.16565, -7.10267e-09)
bones/34/rotation = Quaternion(1, -8.27364e-11, 1.94627e-07, -7.45058e-09)
bones/36/rotation = Quaternion(0.707107, -3.82385e-08, 1.45009e-07, 0.707107)
bones/37/rotation = Quaternion(-0.707107, -7.05285e-08, -7.05285e-08, 0.707107)
bones/38/rotation = Quaternion(-5.83589e-09, 6.43837e-10, 0.994809, 0.101756)
bones/39/position = Vector3(-1.11482e-08, 0.213436, -2.50942e-15)
bones/39/rotation = Quaternion(-1.05796e-07, 0.391084, 0.920355, -2.58643e-08)
bones/40/position = Vector3(-6.31128e-09, 0.16565, 2.70695e-09)
bones/40/rotation = Quaternion(-0.391084, -6.885e-08, -6.56287e-08, 0.920355)
bones/41/rotation = Quaternion(1, 3.76526e-09, 1.94879e-07, 7.45058e-09)
bones/43/rotation = Quaternion(-0.707107, -7.27951e-08, -7.27951e-08, 0.707107)
bones/44/position = Vector3(0.520841, 0.788312, -0.0576373)
bones/44/rotation = Quaternion(0.794627, -1.11759e-07, 0.607098, -5.96046e-08)
bones/45/rotation = Quaternion(-0.707107, -7.27951e-08, -7.27951e-08, 0.707107)
bones/46/position = Vector3(-0.510844, 0.788312, 0.0597369)
bones/46/rotation = Quaternion(0.758253, 1.52737e-07, -0.651961, 1.11759e-08)

[node name="Knife_Offhand" parent="Rig/Skeleton3D" index="0"]
transform = Transform3D(3.30151e-07, 0.262865, 0.964832, 0.999999, -3.69554e-07, 6.8347e-07, 8.98088e-07, 0.964832, -0.262864, 0.507764, 0.636705, -0.0185364)

[node name="1H_Crossbow" parent="Rig/Skeleton3D" index="1"]
transform = Transform3D(0.988701, -0.149894, 9.84457e-11, -1.04763e-06, -1.05418e-06, -0.999999, 0.149894, 0.988701, -1.70568e-06, -0.489505, 0.745658, 0.0963389)

[node name="2H_Crossbow" parent="Rig/Skeleton3D" index="2"]
transform = Transform3D(0.988701, -0.149894, 9.84457e-11, -1.04763e-06, -1.05418e-06, -0.999999, 0.149894, 0.988701, -1.70568e-06, -0.489505, 0.745658, 0.0963389)

[node name="Knife" parent="Rig/Skeleton3D" index="3"]
transform = Transform3D(4.081e-09, -0.149894, 0.988701, 0.999999, -9.05996e-07, -1.0294e-06, 1.55643e-06, 0.988701, 0.149894, -0.491058, 0.64103, 0.10658)

[node name="Throwable" parent="Rig/Skeleton3D" index="4"]
transform = Transform3D(1.98208e-08, -0.149894, 0.988701, 0.999999, -8.91262e-07, -1.04308e-06, 1.54391e-06, 0.988701, 0.149894, -0.518076, 0.64103, 0.28479)

[node name="Rogue_Cape" parent="Rig/Skeleton3D" index="5"]
transform = Transform3D(0.996275, -5.14962e-09, 0.0862354, 5.13044e-09, 1, 4.44078e-10, -0.0862354, 1.46374e-15, 0.996275, -4.17227e-09, 1.20227, 1.18859e-15)

[node name="MeshInstance3D" type="MeshInstance3D" parent="Rig" index="1"]
transform = Transform3D(1, 0, 0, 0, 1, 0, 0, 0, 1, 0, 0.655179, 1.28242)
mesh = SubResource("BoxMesh_o33lh")

[node name="AnimationPlayer" parent="." index="1"]
unique_name_in_owner = true

[node name="CollisionShape3D" type="CollisionShape3D" parent="." index="2"]
transform = Transform3D(1, 0, 0, 0, 1, 0, 0, 0, 1, 0, 1.01005, 0)
shape = SubResource("CapsuleShape3D_lmthd")

[node name="MeshInstance3D" type="MeshInstance3D" parent="." index="3"]
transform = Transform3D(1, 0, 0, 0, 1, 0, 0, 0, 1, 0, 0.655179, 1.28242)
mesh = SubResource("BoxMesh_2fqkh")
